
175299
175299
175299
175299
175299
175280
175280

178014
178014
178014
179045
179045
179045
179045
179045
179045
179045
179045







183623
19466
25108
25108
25109
72549
72549

76580

79930
79790




625113
625113
178488

175407
175407
174773
174773
174773
174879
500043
500043
500043

35431
35431
22444
177946
177946
177946
177946
7440






















179985

19478
76780
634960
79118
79118
79118
79118
79118
24910
156755
156755
156755
156755
156755
155983
155983
155983
76236
76236
76236
175349
175349
175349
175349
175350
175350
175350
175350
175373
175367
175367
117273
117273
115095
115095
115095
115095
179312
179312
179312
179312
179312
179312
179312
179312
175876
205643
205643
205643
205643


180599
180599
80016
80016









179233
179233
179234
179236
179236
179236
163537
179191
179191
179191
183798
178625
163992
179779
179779
178610
183406
183406
175855
175855
175855
82326
82326
82326
19943
25131
25131
25131
25131
25131
25131
71921
71921
71921
71975
180703
180703
621860
176520




176520
176520
176520
176520
178697
178697
178697
205643
176959
566920
566920
179371
179371
179371
179371
179371
177979
177979
177979
686638
686638
686638
686638

178535
175430
175430
22626
76885

178153
178153
178153
178154
178154
178154
178154
178154
178154
109216
567397
81385
81385
81385
81385
81385


179665
179724
179724
179724
179724
179724
98276
97326
72652
95599
95599
179685
179685
179685
179685
179685
179685
179685
179685
179685
179685






180699
178878
178878
178878
178894
178894
178892

178535
179032
177061
177061

554256
554256
554256
554256
554256
77321
77321
77321
77321
77321




179094
179094
179094
179094
179094
179094
179094
179094
179094
179094
179094
179094
179094
179094
179094
179094
175613
73159
585125
585125
161061
69510
69510
178154
154193
173423

17877

165644
174136
69459
69459
69459
69459
69459
69459
69459
69459
69459
69459
69459
69459
69459
23659
505985
177835


632483
179748
179748
179748
179748
179748
179748
179748
585165
69498
69498





175384
175384
175384




178448
178448
178448
178448
178448
178448
178448
178448
178448
554267
554267
554267
































































99208
99208
31192
179410
179410
179410
179410
179410
179410
179410
179410
179410
178278
554549
554549
77709
178510
176830
176830
69290
69290
69290

180118

634988
634988
634988
566854
566854
70395
70395
70395
174115



72923
76484
76484
76484
76484
76484




76484
76484
76484
76484
80967
80967
80967
80967
80967
80967
80967
175198
175198
175198
175198
175198
175198
560338
560338
560338
179913

69459
180137
180137
180137

179033
179033
179033
183623
625076

178186
178186
178196
174640
179484
179484
178618
178619
178620
69458
69458
69458
69458
69458
69458
69458
69458
179111
117641
554385
180711
180366
180366
180366
180366
180366
180366
561236
79452
13771
726283
726283
726283
726283
726283
686638
198381
198381
561630
561630
179750
179750
179750
179750
79126
178774
174832
174832
180109
27367
74225
77661
77661
77661
77661


















77661
77661
79882
79882
79882
79882
79882
79882
79882
79882
79882
79882
79882
79882
79882
79882
79882
79882
79882
79882
79882

















79866
79872
79872


179628
179628
179628
79679
79679
79679
79679

174683

179667
178455
178455
178455
178455
178455
178455
178455
178455
178455
555544
176736


76677
76677
76677
76677
76677
76677
76677
76677
76677
76677
76677
76677
76677
76677
76698
76677
76699
18033
18033
18033
18033
18033
180107
179205
79584


183352
183352
183352
183352
183352
183352

179310
178488
179882
98058
98058
81400
81400
81400
81400
81400
81400
81400
81400
81400
81400
81400
81400
81400



76632
76632












76637
76637
76637
76637
76637
176510
176510
553526
553526
553526
553526
553526
553526
553526
553526
553526
78807
78807
179366


179366
22444
22444
22444
22444
22444
22444
22444
22444
22444
22444
22444
22444
22444
22444
22444
22444
22444
22444
22444
22444
22444
188508
180183
180183
180183
554849


183418
79590

71822
76797
76797
76797
76797
76797
76797
76797
76800
76765
76765
15828
15828
15828
15828
15828
15828
15828


19276
19276
19276
19276
19276
19276
37048
180361
174305
174305
174305
174305
176721
179045
179045
179865
180130
180130
24848
35498
22476
22476
22476
22476
22476
178614
178614
178614
35324
176697
178330
178329
178333
178333
178333
178333
178333
178333
178333
178333







180135
180135
180135

176568
25174
19323
19323
19323
157821

160499
179927
179927
179800
179800
179800
179800
179800
179800
179800
179811
179811
179811
179811
179811
179811
179806


178774
178774
700799
179927
179927
179927
175333
180145

81391
81391
15683
15683
178211

179432
179432
179440
179440
179440
179440
179435
179435
176899
176923

179033
179033







179033
179033
179033
179033
179033
179033
179033
179033
179033
76933
76933
76933
76933
76933
76933
180119

178427
178427


180188
180188
180188
180188
180188
180188
180188
180165
180165
180565
180565
180565
180565
81074
81074

82645
82645

554380
115095
178028
178028
178028
178541
178541
178547
161989
161989
161989

566920
179759
179759
179759
179759
179759
179759
179759
179759
179759
179759
179759
179759
179759
179759
179759


173833
173833
173833
173833
173833
173833
173833
173833
173749
178279
178279
178279
178287
178287
178287



76863
76863

76863
76863
76863
76863
76863
76863
76863
76863

76866
76866
76866
76866

70346
70346
70346




76819
77137
77137
77137
77137
77137




502456
70305
70305

179839
179839
112811
112811
112811
109216
109216
103360
103360
174208
563147
178539
179043
43139
43116
177125
177125
177125
177125
177125
177125
177125
177125
177125
177125
177125

77290
77290
77290
77290
77290
77290
77291
77291
77291
77291
77291
179455
179455
179455
